113	-0.106600 0.046400 -0.060400 -0.022984 0.007676 -0.999706 -0.190700 -0.981654 -0.003225 -0.981268 0.191890 0.016455 -0.005871
112	-0.106600 0.046400 -0.060400 -0.190700 -0.981654 -0.003225 0.022984 -0.007676 0.999706 -0.981268 0.191890 0.016455 0.001164
111	-0.106600 0.046400 -0.060400 -0.022984 0.007676 -0.999706 -0.190700 -0.981654 -0.003225 -0.981268 0.191890 0.016455 1.001059
122	-0.102000 0.063100 -0.025600 0.001592 0.004517 -0.999984 -0.265233 -0.964173 -0.004786 -0.963466 0.267827 -0.000344 -0.003354
123	-0.102000 0.063100 -0.025600 -0.265233 -0.964173 -0.004786 -0.001592 -0.004517 0.999984 -0.963466 0.267827 -0.000344 -0.004871
121	-0.102000 0.063100 -0.025600 0.001592 0.004517 -0.999984 -0.265233 -0.964173 -0.004786 -0.963466 0.267827 -0.000344 0.997854
132	-0.108500 0.030200 -0.026600 0.005221 0.002062 -0.999945 -0.085453 -0.996340 -0.002464 -0.995557 0.094066 -0.003733 -0.003024
133	-0.108500 0.030200 -0.026600 -0.085453 -0.996340 -0.002464 -0.005221 -0.002062 0.999945 -0.995557 0.094066 -0.003733 -0.004062
131	-0.108500 0.030200 -0.026600 0.005221 0.002062 -0.999945 -0.085453 -0.996340 -0.002464 -0.995557 0.094066 -0.003733 1.003464
143	-0.109900 0.013100 -0.062700 -0.041273 0.002612 -0.999145 -0.034909 -0.999439 -0.001232 -0.999069 0.029371 0.031152 -0.006896
142	-0.109900 0.013100 -0.062700 -0.034909 -0.999439 -0.001232 0.041273 -0.002612 0.999145 -0.999069 0.029371 0.031152 -0.000212
141	-0.109900 0.013100 -0.062700 -0.041273 0.002612 -0.999145 -0.034909 -0.999439 -0.001232 -0.999069 0.029371 0.031152 0.990384
213	-0.107400 0.032900 0.008000 -0.060059 0.008593 -0.998158 -0.099271 -0.994983 -0.002626 -0.992693 0.102453 0.063688 -0.006078
212	-0.107400 0.032900 0.008000 -0.099271 -0.994983 -0.002626 0.060059 -0.008593 0.998158 -0.992693 0.102453 0.063688 -0.000637
211	-0.107400 0.032900 0.008000 -0.060059 0.008593 -0.998158 -0.099271 -0.994983 -0.002626 -0.992693 0.102453 0.063688 1.003806
222	-0.098900 0.040300 0.041300 -0.345501 0.060176 -0.936548 -0.162876 -0.986641 -0.003294 -0.924945 0.152115 0.348323 -0.002734
223	-0.098900 0.040300 0.041300 -0.162876 -0.986641 -0.003294 0.345501 -0.060176 0.936548 -0.924945 0.152115 0.348323 -0.005730
221	-0.098900 0.040300 0.041300 -0.345501 0.060176 -0.936548 -0.162876 -0.986641 -0.003294 -0.924945 0.152115 0.348323 0.997776
232	-0.101100 0.004400 0.040800 -0.348282 0.008883 -0.937335 0.040155 -0.998896 -0.024380 -0.935609 -0.043445 0.350351 -0.005258
233	-0.101100 0.004400 0.040800 0.040155 -0.998896 -0.024380 0.348282 -0.008883 0.937335 -0.935609 -0.043445 0.350351 -0.004019
231	-0.101100 0.004400 0.040800 -0.348282 0.008883 -0.937335 0.040155 -0.998896 -0.024380 -0.935609 -0.043445 0.350351 0.983056
243	-0.108300 -0.001100 0.007100 -0.071547 -0.010768 -0.997379 0.084232 -0.996451 0.004754 -0.993592 -0.080301 0.079500 -0.007267
242	-0.108300 -0.001100 0.007100 0.084232 -0.996451 0.004754 0.071547 0.010768 0.997379 -0.993592 -0.080301 0.079500 -0.003592
241	-0.108300 -0.001100 0.007100 -0.071547 -0.010768 -0.997379 0.084232 -0.996451 0.004754 -0.993592 -0.080301 0.079500 0.985006
313	-0.086100 0.098800 0.009000 -0.035287 0.118244 -0.992357 -0.488091 -0.868497 -0.086142 -0.875569 0.474166 0.092302 -0.005117
312	-0.086100 0.098800 0.009000 -0.488091 -0.868497 -0.086142 0.035287 -0.118244 0.992357 -0.875569 0.474166 0.092302 0.001097
311	-0.086100 0.098800 0.009000 -0.035287 0.118244 -0.992357 -0.488091 -0.868497 -0.086142 -0.875569 0.474166 0.092302 0.987208
322	-0.088700 0.075700 0.041200 -0.346440 0.116792 -0.930786 -0.369655 -0.928931 0.021028 -0.859892 0.353387 0.368357 -0.001745
323	-0.088700 0.075700 0.041200 -0.369655 -0.928931 0.021028 0.346440 -0.116792 0.930786 -0.859892 0.353387 0.368357 -0.003040
321	-0.088700 0.075700 0.041200 -0.346440 0.116792 -0.930786 -0.369655 -0.928931 0.021028 -0.859892 0.353387 0.368357 0.992670
333	-0.070200 0.075800 0.070700 -0.588136 0.226095 -0.776516 -0.390048 -0.920437 0.027370 -0.709640 0.317576 0.628926 -0.007186
332	-0.070200 0.075800 0.070700 -0.390048 -0.920437 0.027370 0.588136 -0.226095 0.776516 -0.709640 0.317576 0.628926 -0.004086
331	-0.070200 0.075800 0.070700 -0.588136 0.226095 -0.776516 -0.390048 -0.920437 0.027370 -0.709640 0.317576 0.628926 0.995595
343	-0.100300 0.065900 0.008100 -0.068834 0.025618 -0.997299 -0.291494 -0.956562 -0.004461 -0.953822 0.289217 0.080794 -0.005064
342	-0.100300 0.065900 0.008100 -0.291494 -0.956562 -0.004461 0.068834 -0.025618 0.997299 -0.953822 0.289217 0.080794 -0.005145
341	-0.100300 0.065900 0.008100 -0.068834 0.025618 -0.997299 -0.291494 -0.956562 -0.004461 -0.953822 0.289217 0.080794 1.000090
413	-0.080800 0.041300 0.072000 -0.635939 0.047878 -0.770252 -0.137430 -0.989227 0.051957 -0.758510 0.136473 0.637209 -0.004464
412	-0.080800 0.041300 0.072000 -0.137430 -0.989227 0.051957 0.635939 -0.047878 0.770252 -0.758510 0.136473 0.637209 0.000648
411	-0.080800 0.041300 0.072000 -0.635939 0.047878 -0.770252 -0.137430 -0.989227 0.051957 -0.758510 0.136473 0.637209 1.002305
422	-0.052600 0.040600 0.095200 -0.874247 -0.019926 -0.485080 -0.057563 -0.987859 0.144294 -0.483535 0.152864 0.861873 -0.002772
423	-0.052600 0.040600 0.095200 -0.057563 -0.987859 0.144294 0.874247 0.019926 0.485080 -0.483535 0.152864 0.861873 -0.005351
421	-0.052600 0.040600 0.095200 -0.874247 -0.019926 -0.485080 -0.057563 -0.987859 0.144294 -0.483535 0.152864 0.861873 1.001905
432	-0.053700 0.005900 0.096900 -0.868549 -0.017706 -0.495110 0.028004 -0.999516 -0.013544 -0.496912 -0.026348 0.867400 -0.002101
433	-0.053700 0.005900 0.096900 0.028004 -0.999516 -0.013544 0.868549 0.017706 0.495110 -0.496912 -0.026348 0.867400 -0.006362
431	-0.053700 0.005900 0.096900 -0.868549 -0.017706 -0.495110 0.028004 -0.999516 -0.013544 -0.496912 -0.026348 0.867400 0.997950
443	-0.082900 0.006200 0.072800 -0.642551 0.002459 -0.766240 0.041812 -0.998430 -0.038229 -0.764200 -0.056691 0.642482 -0.004206
442	-0.082900 0.006200 0.072800 0.041812 -0.998430 -0.038229 0.642551 -0.002459 0.766240 -0.764200 -0.056691 0.642482 -0.001522
441	-0.082900 0.006200 0.072800 -0.642551 0.002459 -0.766240 0.041812 -0.998430 -0.038229 -0.764200 -0.056691 0.642482 1.002289
513	-0.063700 0.125400 0.013600 0.019862 0.216316 -0.976121 -0.796860 -0.586112 -0.146121 -0.615725 0.772178 0.156862 -0.006743
512	-0.063700 0.125400 0.013600 -0.796860 -0.586112 -0.146121 -0.019862 -0.216316 0.976121 -0.615725 0.772178 0.156862 -0.005101
511	-0.063700 0.125400 0.013600 0.019862 0.216316 -0.976121 -0.796860 -0.586112 -0.146121 -0.615725 0.772178 0.156862 0.996272
523	-0.033200 0.139700 0.017400 0.009879 0.221043 -0.975214 -0.957833 -0.278116 -0.072726 -0.288913 0.933906 0.210493 -0.008272
522	-0.033200 0.139700 0.017400 -0.957833 -0.278116 -0.072726 -0.009879 -0.221043 0.975214 -0.288913 0.933906 0.210493 -0.004977
521	-0.033200 0.139700 0.017400 0.009879 0.221043 -0.975214 -0.957833 -0.278116 -0.072726 -0.288913 0.933906 0.210493 1.005785
532	-0.033700 0.127400 0.048500 -0.051082 0.466277 -0.883180 -0.961175 -0.263056 -0.083336 -0.269704 0.841440 0.468211 -0.005121
533	-0.033700 0.127400 0.048500 -0.961175 -0.263056 -0.083336 0.051082 -0.466277 0.883180 -0.269704 0.841440 0.468211 -0.004405
531	-0.033700 0.127400 0.048500 -0.051082 0.466277 -0.883180 -0.961175 -0.263056 -0.083336 -0.269704 0.841440 0.468211 0.999021
542	-0.067200 0.108900 0.044300 -0.179192 0.384947 -0.905296 -0.702900 -0.693991 -0.155914 -0.685216 0.612539 0.394041 -0.006419
543	-0.067200 0.108900 0.044300 -0.702900 -0.693991 -0.155914 0.179192 -0.384947 0.905296 -0.685216 0.612539 0.394041 -0.002027
541	-0.067200 0.108900 0.044300 -0.179192 0.384947 -0.905296 -0.702900 -0.693991 -0.155914 -0.685216 0.612539 0.394041 0.999025
613	-0.035800 0.104800 0.075000 -0.007104 0.765854 -0.642975 -0.956203 -0.193298 -0.219715 -0.294629 0.606643 0.738359 -0.003484
612	-0.035800 0.104800 0.075000 -0.956203 -0.193298 -0.219715 0.007104 -0.765854 0.642975 -0.294629 0.606643 0.738359 -0.001143
611	-0.035800 0.104800 0.075000 -0.007104 0.765854 -0.642975 -0.956203 -0.193298 -0.219715 -0.294629 0.606643 0.738359 1.008584
622	0.000100 0.077500 0.096700 0.000198 0.915824 -0.401705 -1.000000 0.000400 0.000200 0.000367 0.402674 0.915342 -0.001542
623	0.000100 0.077500 0.096700 -1.000000 0.000400 0.000200 -0.000198 -0.915824 0.401705 0.000367 0.402674 0.915342 -0.004805
621	0.000100 0.077500 0.096700 0.000198 0.915824 -0.401705 -1.000000 0.000400 0.000200 0.000367 0.402674 0.915342 1.009867
633	-0.018400 0.044000 0.106300 0.007486 0.982612 -0.185518 -0.991163 -0.017129 -0.131227 -0.130466 0.183746 0.974277 -0.004924
632	-0.018400 0.044000 0.106300 -0.991163 -0.017129 -0.131227 -0.007486 -0.982612 0.185518 -0.130466 0.183746 0.974277 -0.005313
631	-0.018400 0.044000 0.106300 0.007486 0.982612 -0.185518 -0.991163 -0.017129 -0.131227 -0.130466 0.183746 0.974277 1.005340
642	-0.036800 0.075300 0.092200 -0.024706 0.895934 -0.443465 -0.949961 -0.159190 -0.268760 -0.313426 0.410015 0.856533 0.001301
643	-0.036800 0.075300 0.092200 -0.949961 -0.159190 -0.268760 0.024706 -0.895934 0.443465 -0.313426 0.410015 0.856533 -0.003178
641	-0.036800 0.075300 0.092200 -0.024706 0.895934 -0.443465 -0.949961 -0.159190 -0.268760 -0.313426 0.410015 0.856533 0.994944
713	-0.018500 0.010500 0.109600 -0.989916 -0.011992 -0.141146 0.013405 -0.999834 -0.009323 -0.142658 -0.011481 0.989705 -0.004527
712	-0.018500 0.010500 0.109600 0.013405 -0.999834 -0.009323 0.989916 0.011992 0.141146 -0.142658 -0.011481 0.989705 -0.007773
711	-0.018500 0.010500 0.109600 -0.989916 -0.011992 -0.141146 0.013405 -0.999834 -0.009323 -0.142658 -0.011481 0.989705 0.988356
723	0.018600 0.010500 0.109600 0.987988 -0.007388 -0.154356 0.001919 0.999353 -0.035480 0.152642 0.035060 0.987659 -0.005373
722	0.018600 0.010500 0.109600 0.001919 0.999353 -0.035480 -0.987988 0.007388 0.154356 0.152642 0.035060 0.987659 -0.004035
721	0.018600 0.010500 0.109600 0.987988 -0.007388 -0.154356 0.001919 0.999353 -0.035480 0.152642 0.035060 0.987659 0.991532
733	0.018600 -0.023300 0.105900 -0.036436 -0.970559 -0.238092 0.987231 0.002060 -0.159541 0.151977 -0.244704 0.957612 -0.004787
732	0.018600 -0.023300 0.105900 0.987231 0.002060 -0.159541 0.036436 0.970559 0.238092 0.151977 -0.244704 0.957612 -0.001427
731	0.018600 -0.023300 0.105900 -0.036436 -0.970559 -0.238092 0.987231 0.002060 -0.159541 0.151977 -0.244704 0.957612 1.000832
743	-0.018500 -0.023700 0.105800 0.038386 -0.971897 -0.232254 0.992760 0.010603 0.119383 -0.117006 -0.243287 0.962869 -0.002799
742	-0.018500 -0.023700 0.105800 0.992760 0.010603 0.119383 -0.038386 0.971897 0.232254 -0.117006 -0.243287 0.962869 -0.001741
741	-0.018500 -0.023700 0.105800 0.038386 -0.971897 -0.232254 0.992760 0.010603 0.119383 -0.117006 -0.243287 0.962869 1.001113
813	0.000100 0.144500 0.018700 -0.000303 0.252013 -0.967724 -0.999946 -0.008267 -0.001802 -0.006998 0.966945 0.254838 -0.005567
812	0.000100 0.144500 0.018700 -0.999946 -0.008267 -0.001802 0.000303 -0.252013 0.967724 -0.006998 0.966945 0.254838 -0.003506
811	0.000100 0.144500 0.018700 -0.000303 0.252013 -0.967724 -0.999946 -0.008267 -0.001802 -0.006998 0.966945 0.254838 1.004330
822	0.000100 0.131600 0.050000 0.000700 0.498098 -0.867134 -0.999999 -0.000978 -0.001280 0.001958 0.866402 0.499288 -0.005219
823	0.000100 0.131600 0.050000 -0.999999 -0.000978 -0.001280 -0.000700 -0.498098 0.867134 0.001958 0.866402 0.499288 -0.006274
821	0.000100 0.131600 0.050000 0.000700 0.498098 -0.867134 -0.999999 -0.000978 -0.001280 0.001958 0.866402 0.499288 1.003080
913	0.033100 0.139700 0.017300 -0.004348 0.239863 -0.970797 -0.963685 0.258442 0.068188 0.266848 0.935129 0.232993 -0.007514
912	0.033100 0.139700 0.017300 -0.963685 0.258442 0.068188 0.004348 -0.239863 0.970797 0.266848 0.935129 0.232993 -0.003530
911	0.033100 0.139700 0.017300 -0.004348 0.239863 -0.970797 -0.963685 0.258442 0.068188 0.266848 0.935129 0.232993 1.005363
923	0.063800 0.125300 0.013500 -0.021605 0.218386 -0.975623 -0.775002 0.612874 0.154416 0.621407 0.766816 0.160712 -0.005900
922	0.063800 0.125300 0.013500 -0.775002 0.612874 0.154416 0.021605 -0.218386 0.975623 0.621407 0.766816 0.160712 -0.002964
921	0.063800 0.125300 0.013500 -0.021605 0.218386 -0.975623 -0.775002 0.612874 0.154416 0.621407 0.766816 0.160712 0.994423
932	0.067100 0.108800 0.044400 0.182379 0.383825 -0.905273 -0.717497 0.681441 0.144350 0.680989 0.616526 0.395151 -0.003001
933	0.067100 0.108800 0.044400 -0.717497 0.681441 0.144350 -0.182379 -0.383825 0.905273 0.680989 0.616526 0.395151 -0.003103
931	0.067100 0.108800 0.044400 0.182379 0.383825 -0.905273 -0.717497 0.681441 0.144350 0.680989 0.616526 0.395151 0.985051
942	0.033800 0.127300 0.048600 0.055521 0.468657 -0.881669 -0.963010 0.258317 0.076714 0.262921 0.843604 0.468159 -0.006556
943	0.033800 0.127300 0.048600 -0.963010 0.258317 0.076714 -0.055521 -0.468657 0.881669 0.262921 0.843604 0.468159 -0.003934
941	0.033800 0.127300 0.048600 0.055521 0.468657 -0.881669 -0.963010 0.258317 0.076714 0.262921 0.843604 0.468159 0.995352
1013	0.000100 0.109300 0.077100 0.000943 0.758166 -0.652062 -0.999713 -0.016804 -0.020899 -0.019692 0.652858 0.757221 -0.007605
1012	0.000100 0.109300 0.077100 -0.999713 -0.016804 -0.020899 -0.000943 -0.758166 0.652062 -0.019692 0.652858 0.757221 -0.006425
1011	0.000100 0.109300 0.077100 0.000943 0.758166 -0.652062 -0.999713 -0.016804 -0.020899 -0.019692 0.652858 0.757221 1.008009
1023	0.035800 0.104800 0.075000 0.006361 0.767230 -0.641340 -0.962402 0.179073 0.204637 0.270976 0.620759 0.735681 -0.004221
1022	0.035800 0.104800 0.075000 -0.962402 0.179073 0.204637 -0.006361 -0.767230 0.641340 0.270976 0.620759 0.735681 0.000505
1021	0.035800 0.104800 0.075000 0.006361 0.767230 -0.641340 -0.962402 0.179073 0.204637 0.270976 0.620759 0.735681 1.008116
1032	0.036800 0.075200 0.092300 0.031490 0.899043 -0.436586 -0.951407 0.160826 0.262599 0.309873 0.414927 0.855460 -0.000319
1033	0.036800 0.075200 0.092300 -0.951407 0.160826 0.262599 -0.031490 -0.899043 0.436586 0.309873 0.414927 0.855460 -0.005647
1031	0.036800 0.075200 0.092300 0.031490 0.899043 -0.436586 -0.951407 0.160826 0.262599 0.309873 0.414927 0.855460 1.006530
1043	0.018400 0.044200 0.106200 -0.013583 0.979851 -0.199269 -0.991535 0.012550 0.129281 0.130105 0.203097 0.970475 -0.004445
1042	0.018400 0.044200 0.106200 -0.991535 0.012550 0.129281 0.013583 -0.979851 0.199269 0.130105 0.203097 0.970475 -0.001297
1041	0.018400 0.044200 0.106200 -0.013583 0.979851 -0.199269 -0.991535 0.012550 0.129281 0.130105 0.203097 0.970475 1.015013
1112	0.052500 0.040600 0.095300 0.875761 -0.017599 -0.482379 -0.056398 0.988756 -0.138494 0.482025 0.152467 0.862788 -0.002506
1113	0.052500 0.040600 0.095300 -0.056398 0.988756 -0.138494 -0.875761 0.017599 0.482379 0.482025 0.152467 0.862788 -0.005458
1111	0.052500 0.040600 0.095300 0.875761 -0.017599 -0.482379 -0.056398 0.988756 -0.138494 0.482025 0.152467 0.862788 0.999123
1123	0.080900 0.041300 0.072100 0.639074 0.050924 -0.767457 -0.173989 0.981412 -0.079774 0.749042 0.181978 0.637038 -0.002921
1122	0.080900 0.041300 0.072100 -0.173989 0.981412 -0.079774 -0.639074 -0.050924 0.767457 0.749042 0.181978 0.637038 -0.004155
1121	0.080900 0.041300 0.072100 0.639074 0.050924 -0.767457 -0.173989 0.981412 -0.079774 0.749042 0.181978 0.637038 0.995061
1133	0.082800 0.006100 0.072800 0.639791 0.000683 -0.768548 0.005633 1.000004 0.005616 0.765451 -0.013124 0.643357 -0.004723
1132	0.082800 0.006100 0.072800 0.005633 1.000004 0.005616 -0.639791 -0.000683 0.768548 0.765451 -0.013124 0.643357 -0.002756
1131	0.082800 0.006100 0.072800 0.639791 0.000683 -0.768548 0.005633 1.000004 0.005616 0.765451 -0.013124 0.643357 0.990339
1142	0.053500 0.006200 0.097000 0.868705 -0.018172 -0.494975 0.027005 0.999578 0.010703 0.492800 -0.029523 0.869640 -0.000811
1143	0.053500 0.006200 0.097000 0.027005 0.999578 0.010703 -0.868705 0.018172 0.494975 0.492800 -0.029523 0.869640 -0.004093
1141	0.053500 0.006200 0.097000 0.868705 -0.018172 -0.494975 0.027005 0.999578 0.010703 0.492800 -0.029523 0.869640 0.997521
1213	0.086200 0.098600 0.008900 0.052942 0.123846 -0.990888 -0.500010 0.862254 0.081042 0.862767 0.493904 0.108022 -0.005764
1212	0.086200 0.098600 0.008900 -0.500010 0.862254 0.081042 -0.052942 -0.123846 0.990888 0.862767 0.493904 0.108022 -0.002789
1211	0.086200 0.098600 0.008900 0.052942 0.123846 -0.990888 -0.500010 0.862254 0.081042 0.862767 0.493904 0.108022 0.997118
1223	0.100300 0.066000 0.008200 0.077218 0.030863 -0.996536 -0.316045 0.948765 0.004956 0.945964 0.312743 0.085593 -0.005090
1222	0.100300 0.066000 0.008200 -0.316045 0.948765 0.004956 -0.077218 -0.030863 0.996536 0.945964 0.312743 0.085593 -0.002350
1221	0.100300 0.066000 0.008200 0.077218 0.030863 -0.996536 -0.316045 0.948765 0.004956 0.945964 0.312743 0.085593 0.997774
1232	0.088700 0.075700 0.041200 0.347937 0.117419 -0.930154 -0.370368 0.928639 -0.021343 0.856956 0.359536 0.369242 -0.004233
1233	0.088700 0.075700 0.041200 -0.370368 0.928639 -0.021343 -0.347937 -0.117419 0.930154 0.856956 0.359536 0.369242 -0.006316
1231	0.088700 0.075700 0.041200 0.347937 0.117419 -0.930154 -0.370368 0.928639 -0.021343 0.856956 0.359536 0.369242 0.996930
1243	0.069900 0.075800 0.070900 0.611205 0.237449 -0.755014 -0.424460 0.903557 -0.059374 0.663892 0.363917 0.653305 -0.005432
1242	0.069900 0.075800 0.070900 -0.424460 0.903557 -0.059374 -0.611205 -0.237449 0.755014 0.663892 0.363917 0.653305 -0.002451
1241	0.069900 0.075800 0.070900 0.611205 0.237449 -0.755014 -0.424460 0.903557 -0.059374 0.663892 0.363917 0.653305 0.999127
1312	0.098900 0.040400 0.041300 0.341175 0.060292 -0.938102 -0.171923 0.985110 0.000724 0.922954 0.155116 0.352260 -0.004259
1313	0.098900 0.040400 0.041300 -0.171923 0.985110 0.000724 -0.341175 -0.060292 0.938102 0.922954 0.155116 0.352260 -0.003043
1311	0.098900 0.040400 0.041300 0.341175 0.060292 -0.938102 -0.171923 0.985110 0.000724 0.922954 0.155116 0.352260 0.994297
1323	0.107400 0.032900 0.008100 0.064530 0.011657 -0.997848 -0.134421 0.990933 0.002885 0.988273 0.132036 0.076533 -0.006702
1322	0.107400 0.032900 0.008100 -0.134421 0.990933 0.002885 -0.064530 -0.011657 0.997848 0.988273 0.132036 0.076533 -0.002025
1321	0.107400 0.032900 0.008100 0.064530 0.011657 -0.997848 -0.134421 0.990933 0.002885 0.988273 0.132036 0.076533 1.006175
1333	0.108300 -0.001100 0.006800 0.057226 -0.002655 -0.998358 0.051808 0.998666 0.000350 0.996443 -0.060557 0.058567 -0.004609
1332	0.108300 -0.001100 0.006800 0.051808 0.998666 0.000350 -0.057226 0.002655 0.998358 0.996443 -0.060557 0.058567 -0.001657
1331	0.108300 -0.001100 0.006800 0.057226 -0.002655 -0.998358 0.051808 0.998666 0.000350 0.996443 -0.060557 0.058567 1.003090
1342	0.101000 0.004400 0.041000 0.346026 0.008106 -0.938212 0.033181 0.999232 0.020830 0.935265 -0.040246 0.351647 -0.004481
1343	0.101000 0.004400 0.041000 0.033181 0.999232 0.020830 -0.346026 -0.008106 0.938212 0.935265 -0.040246 0.351647 -0.005897
1341	0.101000 0.004400 0.041000 0.346026 0.008106 -0.938212 0.033181 0.999232 0.020830 0.935265 -0.040246 0.351647 1.005489
1412	0.102000 0.063000 -0.026000 0.000062 0.007697 -1.000027 -0.279795 0.960032 0.007393 0.959500 0.281700 0.002159 -0.002989
1413	0.102000 0.063000 -0.026000 -0.279795 0.960032 0.007393 -0.000062 -0.007697 1.000027 0.959500 0.281700 0.002159 -0.005338
1411	0.102000 0.063000 -0.026000 0.000062 0.007697 -1.000027 -0.279795 0.960032 0.007393 0.959500 0.281700 0.002159 0.980599
1423	0.106500 0.046900 -0.060000 0.031532 0.011834 -0.999433 -0.176687 0.984239 0.006071 0.984299 0.174277 0.027017 -0.004395
1422	0.106500 0.046900 -0.060000 -0.176687 0.984239 0.006071 -0.031532 -0.011834 0.999433 0.984299 0.174277 0.027017 -0.006334
1421	0.106500 0.046900 -0.060000 0.031532 0.011834 -0.999433 -0.176687 0.984239 0.006071 0.984299 0.174277 0.027017 1.000488
1433	0.109800 0.013100 -0.062200 0.046067 0.004693 -0.998927 -0.004872 0.999982 0.004432 0.999608 0.008452 0.026490 -0.004302
1432	0.109800 0.013100 -0.062200 -0.004872 0.999982 0.004432 -0.046067 -0.004693 0.998927 0.999608 0.008452 0.026490 0.000845
1431	0.109800 0.013100 -0.062200 0.046067 0.004693 -0.998927 -0.004872 0.999982 0.004432 0.999608 0.008452 0.026490 0.991981
1442	0.108300 0.030100 -0.026200 -0.002915 0.004812 -0.999930 -0.106980 0.994248 0.005167 0.994383 0.105809 -0.002177 -0.000023
1443	0.108300 0.030100 -0.026200 -0.106980 0.994248 0.005167 0.002915 -0.004812 0.999930 0.994383 0.105809 -0.002177 -0.004892
1441	0.108300 0.030100 -0.026200 -0.002915 0.004812 -0.999930 -0.106980 0.994248 0.005167 0.994383 0.105809 -0.002177 1.000428
1512	-0.108800 -0.003200 -0.028400 0.014780 0.000307 -0.999874 0.088379 -0.996087 0.000943 -0.995937 -0.089012 -0.013509 -0.005260
1513	-0.108800 -0.003200 -0.028400 0.088379 -0.996087 0.000943 -0.014780 -0.000307 0.999874 -0.995937 -0.089012 -0.013509 -0.005618
1511	-0.108800 -0.003200 -0.028400 0.014780 0.000307 -0.999874 0.088379 -0.996087 0.000943 -0.995937 -0.089012 -0.013509 0.991632
1522	-0.101700 -0.036000 -0.028100 0.025139 0.001704 -0.999665 0.347504 -0.937652 0.007183 -0.939357 -0.342113 -0.023697 0.000508
1523	-0.101700 -0.036000 -0.028100 0.347504 -0.937652 0.007183 -0.025139 -0.001704 0.999665 -0.939357 -0.342113 -0.023697 -0.005685
1521	-0.101700 -0.036000 -0.028100 0.025139 0.001704 -0.999665 0.347504 -0.937652 0.007183 -0.939357 -0.342113 -0.023697 1.007292
1533	-0.095100 -0.052400 -0.062300 -0.030223 -0.007350 -0.999516 0.441144 -0.897386 -0.006712 -0.896803 -0.441622 0.026541 -0.006763
1532	-0.095100 -0.052400 -0.062300 0.441144 -0.897386 -0.006712 0.030223 0.007350 0.999516 -0.896803 -0.441622 0.026541 -0.002522
1531	-0.095100 -0.052400 -0.062300 -0.030223 -0.007350 -0.999516 0.441144 -0.897386 -0.006712 -0.896803 -0.441622 0.026541 1.002986
1543	-0.106800 -0.020500 -0.062500 -0.036713 -0.002758 -0.999322 0.183293 -0.983041 -0.004033 -0.982718 -0.182341 0.031632 -0.008052
1542	-0.106800 -0.020500 -0.062500 0.183293 -0.983041 -0.004033 0.036713 0.002758 0.999322 -0.982718 -0.182341 0.031632 -0.004902
1541	-0.106800 -0.020500 -0.062500 -0.036713 -0.002758 -0.999322 0.183293 -0.983041 -0.004033 -0.982718 -0.182341 0.031632 1.006664
1613	-0.101700 -0.033900 0.005600 -0.074813 -0.033871 -0.996623 0.328274 -0.944549 0.007511 -0.941165 -0.329174 0.076216 0.000332
1612	-0.101700 -0.033900 0.005600 0.328274 -0.944549 0.007511 0.074813 0.033871 0.996623 -0.941165 -0.329174 0.076216 -0.004801
1611	-0.101700 -0.033900 0.005600 -0.074813 -0.033871 -0.996623 0.328274 -0.944549 0.007511 -0.941165 -0.329174 0.076216 1.056041
1622	-0.095200 -0.030800 0.039100 -0.321893 -0.057226 -0.945032 0.312116 -0.948791 -0.048769 -0.893501 -0.301911 0.332311 0.000274
1623	-0.095200 -0.030800 0.039100 0.312116 -0.948791 -0.048769 0.321893 0.057226 0.945032 -0.893501 -0.301911 0.332311 -0.005145
1621	-0.095200 -0.030800 0.039100 -0.321893 -0.057226 -0.945032 0.312116 -0.948791 -0.048769 -0.893501 -0.301911 0.332311 1.005377
1632	-0.078100 -0.062800 0.039400 -0.264987 -0.203739 -0.942504 0.590416 -0.807054 0.008432 -0.756940 -0.561946 0.333499 -0.003001
1633	-0.078100 -0.062800 0.039400 0.590416 -0.807054 0.008432 0.264987 0.203739 0.942504 -0.756940 -0.561946 0.333499 -0.005578
1631	-0.078100 -0.062800 0.039400 -0.264987 -0.203739 -0.942504 0.590416 -0.807054 0.008432 -0.756940 -0.561946 0.333499 0.995762
1643	-0.086600 -0.064000 0.005500 -0.061571 -0.048997 -0.996899 0.560982 -0.827764 0.005982 -0.823102 -0.561463 0.084982 -0.004771
1642	-0.086600 -0.064000 0.005500 0.560982 -0.827764 0.005982 0.061571 0.048997 0.996899 -0.823102 -0.561463 0.084982 -0.004918
1641	-0.086600 -0.064000 0.005500 -0.061571 -0.048997 -0.996899 0.560982 -0.827764 0.005982 -0.823102 -0.561463 0.084982 1.003150
1713	-0.075800 -0.079700 -0.062100 -0.004185 -0.019076 -0.999809 0.661640 -0.749718 0.011491 -0.747305 -0.664285 0.016006 -0.006718
1712	-0.075800 -0.079700 -0.062100 0.661640 -0.749718 0.011491 0.004185 0.019076 0.999809 -0.747305 -0.664285 0.016006 -0.001536
1711	-0.075800 -0.079700 -0.062100 -0.004185 -0.019076 -0.999809 0.661640 -0.749718 0.011491 -0.747305 -0.664285 0.016006 0.992882
1722	-0.086100 -0.066000 -0.028200 0.018511 0.006405 -0.999839 0.573514 -0.819178 0.005365 -0.819597 -0.572665 -0.017147 -0.001103
1723	-0.086100 -0.066000 -0.028200 0.573514 -0.819178 0.005365 -0.018511 -0.006405 0.999839 -0.819597 -0.572665 -0.017147 -0.005860
1721	-0.086100 -0.066000 -0.028200 0.018511 0.006405 -0.999839 0.573514 -0.819178 0.005365 -0.819597 -0.572665 -0.017147 0.999018
1732	-0.063200 -0.090500 -0.027800 0.021700 0.031382 -0.999300 0.813237 -0.581932 -0.000564 -0.587968 -0.807802 -0.041717 -0.005975
1733	-0.063200 -0.090500 -0.027800 0.813237 -0.581932 -0.000564 -0.021700 -0.031382 0.999300 -0.587968 -0.807802 -0.041717 -0.005127
1731	-0.063200 -0.090500 -0.027800 0.021700 0.031382 -0.999300 0.813237 -0.581932 -0.000564 -0.587968 -0.807802 -0.041717 0.993384
1743	-0.048900 -0.099400 -0.062100 -0.015514 -0.022493 -0.999627 0.883577 -0.468368 -0.003166 -0.465370 -0.884809 0.023086 -0.004805
1742	-0.048900 -0.099400 -0.062100 0.883577 -0.468368 -0.003166 0.015514 0.022493 0.999627 -0.465370 -0.884809 0.023086 -0.001083
1741	-0.048900 -0.099400 -0.062100 -0.015514 -0.022493 -0.999627 0.883577 -0.468368 -0.003166 -0.465370 -0.884809 0.023086 0.991745
1813	-0.078600 -0.028700 0.069600 -0.615457 -0.040113 -0.787149 0.251348 -0.956602 -0.147788 -0.747358 -0.282813 0.601224 -0.001602
1812	-0.078600 -0.028700 0.069600 0.251348 -0.956602 -0.147788 0.615457 0.040113 0.787149 -0.747358 -0.282813 0.601224 -0.002889
1811	-0.078600 -0.028700 0.069600 -0.615457 -0.040113 -0.787149 0.251348 -0.956602 -0.147788 -0.747358 -0.282813 0.601224 1.045672
1822	-0.051800 -0.027700 0.092700 -0.858260 0.025743 -0.512622 0.112873 -0.964780 -0.237611 -0.498681 -0.263768 0.825676 -0.001466
1823	-0.051800 -0.027700 0.092700 0.112873 -0.964780 -0.237611 0.858260 -0.025743 0.512622 -0.498681 -0.263768 0.825676 -0.004372
1821	-0.051800 -0.027700 0.092700 -0.858260 0.025743 -0.512622 0.112873 -0.964780 -0.237611 -0.498681 -0.263768 0.825676 0.995484
1832	-0.018100 -0.054200 0.092300 0.071171 -0.839018 -0.539512 0.989045 -0.010738 0.147222 -0.131999 -0.537963 0.832561 -0.004897
1833	-0.018100 -0.054200 0.092300 0.989045 -0.010738 0.147222 -0.071171 0.839018 0.539512 -0.131999 -0.537963 0.832561 -0.002180
1831	-0.018100 -0.054200 0.092300 0.071171 -0.839018 -0.539512 0.989045 -0.010738 0.147222 -0.131999 -0.537963 0.832561 0.987880
1843	-0.055200 -0.062700 0.070700 -0.371917 -0.485257 -0.791330 0.774762 -0.631786 0.023303 -0.492799 -0.587553 0.641811 -0.003790
1842	-0.055200 -0.062700 0.070700 0.774762 -0.631786 0.023303 0.371917 0.485257 0.791330 -0.492799 -0.587553 0.641811 -0.002848
1841	-0.055200 -0.062700 0.070700 -0.371917 -0.485257 -0.791330 0.774762 -0.631786 0.023303 -0.492799 -0.587553 0.641811 0.996766
1912	-0.051300 -0.086100 0.039700 -0.157854 -0.307477 -0.938332 0.885570 -0.464495 0.003267 -0.445641 -0.829515 0.336486 -0.002665
1913	-0.051300 -0.086100 0.039700 0.885570 -0.464495 0.003267 0.157854 0.307477 0.938332 -0.445641 -0.829515 0.336486 -0.004396
1911	-0.051300 -0.086100 0.039700 -0.157854 -0.307477 -0.938332 0.885570 -0.464495 0.003267 -0.445641 -0.829515 0.336486 1.014287
1923	-0.033500 -0.103300 0.006200 -0.047539 -0.152030 -0.987232 0.958823 -0.284015 -0.002437 -0.277941 -0.949005 0.148758 -0.003423
1922	-0.033500 -0.103300 0.006200 0.958823 -0.284015 -0.002437 0.047539 0.152030 0.987232 -0.277941 -0.949005 0.148758 0.000296
1921	-0.033500 -0.103300 0.006200 -0.047539 -0.152030 -0.987232 0.958823 -0.284015 -0.002437 -0.277941 -0.949005 0.148758 0.992815
1932	-0.033100 -0.105100 -0.027800 0.006898 0.019193 -0.999797 0.957761 -0.287565 0.001084 -0.296040 -0.954813 -0.025649 -0.003273
1933	-0.033100 -0.105100 -0.027800 0.957761 -0.287565 0.001084 -0.006898 -0.019193 0.999797 -0.296040 -0.954813 -0.025649 -0.004486
1931	-0.033100 -0.105100 -0.027800 0.006898 0.019193 -0.999797 0.957761 -0.287565 0.001084 -0.296040 -0.954813 -0.025649 1.006838
1943	-0.063600 -0.088400 0.006000 -0.061385 -0.082300 -0.994716 0.802625 -0.596494 -0.000133 -0.592981 -0.798161 0.106276 -0.004967
1942	-0.063600 -0.088400 0.006000 0.802625 -0.596494 -0.000133 0.061385 0.082300 0.994716 -0.592981 -0.798161 0.106276 -0.003003
1941	-0.063600 -0.088400 0.006000 -0.061385 -0.082300 -0.994716 0.802625 -0.596494 -0.000133 -0.592981 -0.798161 0.106276 1.003573
2013	-0.018600 -0.080100 0.069000 -0.000935 -0.619940 -0.784648 0.992566 -0.096194 0.074806 -0.121333 -0.772229 0.623644 -0.004224
2012	-0.018600 -0.080100 0.069000 0.992566 -0.096194 0.074806 0.000935 0.619940 0.784648 -0.121333 -0.772229 0.623644 -0.001163
2011	-0.018600 -0.080100 0.069000 -0.000935 -0.619940 -0.784648 0.992566 -0.096194 0.074806 -0.121333 -0.772229 0.623644 0.993778
2023	0.018600 -0.080200 0.068900 0.000653 -0.622150 -0.782898 0.986661 0.128014 -0.100873 0.162835 -0.771885 0.614536 -0.003458
2022	0.018600 -0.080200 0.068900 0.986661 0.128014 -0.100873 -0.000653 0.622150 0.782898 0.162835 -0.771885 0.614536 -0.005015
2021	0.018600 -0.080200 0.068900 0.000653 -0.622150 -0.782898 0.986661 0.128014 -0.100873 0.162835 -0.771885 0.614536 0.994893
2032	0.016900 -0.097200 0.039700 0.000271 -0.376528 -0.926464 0.988881 0.137872 -0.055738 0.147133 -0.918341 0.367392 -0.004178
2033	0.016900 -0.097200 0.039700 0.988881 0.137872 -0.055738 -0.000271 0.376528 0.926464 0.147133 -0.918341 0.367392 -0.005110
2031	0.016900 -0.097200 0.039700 0.000271 -0.376528 -0.926464 0.988881 0.137872 -0.055738 0.147133 -0.918341 0.367392 0.997592
2042	-0.017000 -0.097200 0.039700 -0.000746 -0.375399 -0.926823 0.990266 -0.129262 0.051617 -0.140232 -0.920290 0.365219 -0.000870
2043	-0.017000 -0.097200 0.039700 0.990266 -0.129262 0.051617 0.000746 0.375399 0.926823 -0.140232 -0.920290 0.365219 -0.005335
2041	-0.017000 -0.097200 0.039700 -0.000746 -0.375399 -0.926823 0.990266 -0.129262 0.051617 -0.140232 -0.920290 0.365219 1.003663
2113	0.000000 -0.108600 0.007000 -0.000278 -0.160173 -0.987089 0.999792 0.021657 -0.003809 0.020519 -0.987619 0.155503 -0.003695
2112	0.000000 -0.108600 0.007000 0.999792 0.021657 -0.003809 0.000278 0.160173 0.987089 0.020519 -0.987619 0.155503 -0.003087
2111	0.000000 -0.108600 0.007000 -0.000278 -0.160173 -0.987089 0.999792 0.021657 -0.003809 0.020519 -0.987619 0.155503 1.000328
2122	0.000000 -0.110600 -0.027500 -0.000004 0.041994 -0.999146 0.999980 0.006314 0.000278 0.010151 -0.999179 -0.039114 -0.002881
2123	0.000000 -0.110600 -0.027500 0.999980 0.006314 0.000278 0.000004 -0.041994 0.999146 0.010151 -0.999179 -0.039114 -0.007430
2121	0.000000 -0.110600 -0.027500 -0.000004 0.041994 -0.999146 0.999980 0.006314 0.000278 0.010151 -0.999179 -0.039114 0.998455
2133	0.017000 -0.109800 -0.061800 0.009680 -0.013670 -0.999859 0.986939 0.160897 0.007419 0.159027 -0.987191 0.012319 -0.006923
2132	0.017000 -0.109800 -0.061800 0.986939 0.160897 0.007419 -0.009680 0.013670 0.999859 0.159027 -0.987191 0.012319 -0.002111
2131	0.017000 -0.109800 -0.061800 0.009680 -0.013670 -0.999859 0.986939 0.160897 0.007419 0.159027 -0.987191 0.012319 0.998340
2143	-0.017100 -0.109800 -0.061900 -0.006011 -0.011228 -0.999919 0.980552 -0.196102 -0.003657 -0.199145 -0.979744 0.020396 -0.005044
2142	-0.017100 -0.109800 -0.061900 0.980552 -0.196102 -0.003657 0.006011 0.011228 0.999919 -0.199145 -0.979744 0.020396 -0.003974
2141	-0.017100 -0.109800 -0.061900 -0.006011 -0.011228 -0.999919 0.980552 -0.196102 -0.003657 -0.199145 -0.979744 0.020396 0.999335
2212	0.051700 -0.027600 0.092800 0.862326 0.025770 -0.505631 0.110637 0.964976 0.237868 0.497816 -0.257624 0.828134 -0.000861
2213	0.051700 -0.027600 0.092800 0.110637 0.964976 0.237868 -0.862326 -0.025770 0.505631 0.497816 -0.257624 0.828134 -0.004237
2211	0.051700 -0.027600 0.092800 0.862326 0.025770 -0.505631 0.110637 0.964976 0.237868 0.497816 -0.257624 0.828134 1.010912
2223	0.078600 -0.028400 0.069800 0.630607 -0.043776 -0.774867 0.227304 0.964978 0.130525 0.744472 -0.256177 0.616548 -0.002273
2222	0.078600 -0.028400 0.069800 0.227304 0.964978 0.130525 -0.630607 0.043776 0.774867 0.744472 -0.256177 0.616548 -0.002640
2221	0.078600 -0.028400 0.069800 0.630607 -0.043776 -0.774867 0.227304 0.964978 0.130525 0.744472 -0.256177 0.616548 1.010668
2233	0.055300 -0.062800 0.070600 0.370016 -0.484784 -0.792510 0.764752 0.643247 -0.036466 0.522177 -0.590120 0.615699 -0.002844
2232	0.055300 -0.062800 0.070600 0.764752 0.643247 -0.036466 -0.370016 0.484784 0.792510 0.522177 -0.590120 0.615699 -0.001504
2231	0.055300 -0.062800 0.070600 0.370016 -0.484784 -0.792510 0.764752 0.643247 -0.036466 0.522177 -0.590120 0.615699 1.021289
2242	0.018200 -0.054200 0.092200 -0.069894 -0.841288 -0.536008 0.989611 0.009177 -0.143475 0.135621 -0.538960 0.831336 -0.004038
2243	0.018200 -0.054200 0.092200 0.989611 0.009177 -0.143475 0.069894 0.841288 0.536008 0.135621 -0.538960 0.831336 -0.005063
2241	0.018200 -0.054200 0.092200 -0.069894 -0.841288 -0.536008 0.989611 0.009177 -0.143475 0.135621 -0.538960 0.831336 1.025644
2312	0.051300 -0.086100 0.039700 0.151835 -0.300054 -0.941820 0.880141 0.474620 -0.009349 0.457084 -0.824792 0.332845 -0.001962
2313	0.051300 -0.086100 0.039700 0.880141 0.474620 -0.009349 -0.151835 0.300054 0.941820 0.457084 -0.824792 0.332845 -0.004273
2311	0.051300 -0.086100 0.039700 0.151835 -0.300054 -0.941820 0.880141 0.474620 -0.009349 0.457084 -0.824792 0.332845 1.001331
2323	0.063700 -0.088400 0.006200 0.056778 -0.071808 -0.995802 0.806456 0.591291 0.003396 0.594872 -0.798658 0.090929 -0.005630
2322	0.063700 -0.088400 0.006200 0.806456 0.591291 0.003396 -0.056778 0.071808 0.995802 0.594872 -0.798658 0.090929 0.000094
2321	0.063700 -0.088400 0.006200 0.056778 -0.071808 -0.995802 0.806456 0.591291 0.003396 0.594872 -0.798658 0.090929 0.993699
2332	0.033000 -0.105100 -0.027700 -0.006163 0.027119 -0.999612 0.947474 0.319821 0.002822 0.316887 -0.948184 -0.022556 -0.001939
2333	0.033000 -0.105100 -0.027700 0.947474 0.319821 0.002822 0.006163 -0.027119 0.999612 0.316887 -0.948184 -0.022556 -0.004835
2331	0.033000 -0.105100 -0.027700 -0.006163 0.027119 -0.999612 0.947474 0.319821 0.002822 0.316887 -0.948184 -0.022556 1.008212
2343	0.033300 -0.103400 0.006300 0.039941 -0.118652 -0.992132 0.948136 0.317898 0.000155 0.313216 -0.941092 0.127401 -0.004908
2342	0.033300 -0.103400 0.006300 0.948136 0.317898 0.000155 -0.039941 0.118652 0.992132 0.313216 -0.941092 0.127401 -0.001768
2341	0.033300 -0.103400 0.006300 0.039941 -0.118652 -0.992132 0.948136 0.317898 0.000155 0.313216 -0.941092 0.127401 1.002485
2412	0.095200 -0.030600 0.039200 0.324021 -0.063607 -0.943889 0.303846 0.951874 0.040177 0.895650 -0.302876 0.325679 0.000416
2413	0.095200 -0.030600 0.039200 0.303846 0.951874 0.040177 -0.323999 0.063600 0.943897 0.895650 -0.302876 0.325679 -0.003687
2411	0.095200 -0.030600 0.039200 0.324021 -0.063607 -0.943889 0.303846 0.951874 0.040177 0.895650 -0.302876 0.325679 0.996315
2423	0.101700 -0.033800 0.005800 0.064329 -0.027715 -0.997544 0.314125 0.949371 -0.006091 0.946516 -0.313563 0.075951 -0.004040
2422	0.101700 -0.033800 0.005800 0.314125 0.949371 -0.006091 -0.064329 0.027715 0.997544 0.946516 -0.313563 0.075951 -0.001822
2421	0.101700 -0.033800 0.005800 0.064329 -0.027715 -0.997544 0.314125 0.949371 -0.006091 0.946516 -0.313563 0.075951 0.993249
2433	0.086600 -0.063900 0.005600 0.060345 -0.044960 -0.997165 0.546610 0.837346 -0.004641 0.833515 -0.547207 0.076175 -0.007714
2432	0.086600 -0.063900 0.005600 0.546610 0.837346 -0.004641 -0.060345 0.044960 0.997165 0.833515 -0.547207 0.076175 0.000343
2431	0.086600 -0.063900 0.005600 0.060345 -0.044960 -0.997165 0.546610 0.837346 -0.004641 0.833515 -0.547207 0.076175 1.002054
2442	0.078100 -0.062900 0.039400 0.259606 -0.203578 -0.944082 0.593679 0.804637 -0.010186 0.762421 -0.558086 0.327490 -0.002806
2443	0.078100 -0.062900 0.039400 0.593679 0.804637 -0.010186 -0.259606 0.203578 0.944082 0.762421 -0.558086 0.327490 -0.003621
2441	0.078100 -0.062900 0.039400 0.259606 -0.203578 -0.944082 0.593679 0.804637 -0.010186 0.762421 -0.558086 0.327490 0.997714
2512	0.063000 -0.090600 -0.027600 -0.023646 0.038905 -0.998971 0.805005 0.593255 0.003999 0.601892 -0.797311 -0.044886 -0.000573
2513	0.063000 -0.090600 -0.027600 0.805005 0.593255 0.003999 0.023646 -0.038905 0.998971 0.601892 -0.797311 -0.044886 -0.005113
2511	0.063000 -0.090600 -0.027600 -0.023646 0.038905 -0.998971 0.805005 0.593255 0.003999 0.601892 -0.797311 -0.044886 1.007412
2522	0.086100 -0.066100 -0.028000 -0.024950 0.014199 -0.999556 0.557957 0.829867 -0.002170 0.828557 -0.559339 -0.024911 -0.004739
2523	0.086100 -0.066100 -0.028000 0.557957 0.829867 -0.002170 0.024950 -0.014199 0.999556 0.828557 -0.559339 -0.024911 -0.004698
2521	0.086100 -0.066100 -0.028000 -0.024950 0.014199 -0.999556 0.557957 0.829867 -0.002170 0.828557 -0.559339 -0.024911 0.990846
2533	0.075700 -0.079800 -0.062000 0.016322 -0.002870 -0.999862 0.704577 0.709574 0.009536 0.713198 -0.700802 0.014774 -0.003958
2532	0.075700 -0.079800 -0.062000 0.704577 0.709574 0.009536 -0.016322 0.002870 0.999862 0.713198 -0.700802 0.014774 -0.000878
2531	0.075700 -0.079800 -0.062000 0.016322 -0.002870 -0.999862 0.704577 0.709574 0.009536 0.713198 -0.700802 0.014774 1.004970
2543	0.048800 -0.099400 -0.062100 0.011759 -0.008620 -0.999894 0.908083 0.418885 0.007142 0.422207 -0.906400 0.012726 -0.006974
2542	0.048800 -0.099400 -0.062100 0.908083 0.418885 0.007142 -0.011759 0.008620 0.999894 0.422207 -0.906400 0.012726 -0.001906
2541	0.048800 -0.099400 -0.062100 0.011759 -0.008620 -0.999894 0.908083 0.418885 0.007142 0.422207 -0.906400 0.012726 0.994316
2612	0.108700 -0.003300 -0.028000 -0.014750 0.002970 -0.999916 0.068125 0.997675 0.001930 0.997245 -0.072842 -0.013228 -0.001150
2613	0.108700 -0.003300 -0.028000 0.068125 0.997675 0.001930 0.014750 -0.002970 0.999916 0.997245 -0.072842 -0.013228 -0.004246
2611	0.108700 -0.003300 -0.028000 -0.014750 0.002970 -0.999916 0.068125 0.997675 0.001930 0.997245 -0.072842 -0.013228 1.004642
2623	0.106800 -0.020600 -0.062100 0.030284 0.000594 -0.999541 0.227274 0.973774 0.007444 0.975159 -0.220677 0.018790 -0.003651
2622	0.106800 -0.020600 -0.062100 0.227274 0.973774 0.007444 -0.030284 -0.000594 0.999541 0.975159 -0.220677 0.018790 -0.004940
2621	0.106800 -0.020600 -0.062100 0.030284 0.000594 -0.999541 0.227274 0.973774 0.007444 0.975159 -0.220677 0.018790 1.004877
2633	0.095100 -0.052400 -0.062000 0.021941 -0.000365 -0.999759 0.478305 0.878149 0.010130 0.874742 -0.484282 0.016795 -0.002557
2632	0.095100 -0.052400 -0.062000 0.478305 0.878149 0.010130 -0.021941 0.000365 0.999759 0.874742 -0.484282 0.016795 0.000782
2631	0.095100 -0.052400 -0.062000 0.021941 -0.000365 -0.999759 0.478305 0.878149 0.010130 0.874742 -0.484282 0.016795 1.012229
2642	0.101700 -0.036100 -0.027800 -0.027386 0.005189 -0.999582 0.325629 0.945489 -0.004033 0.942972 -0.331879 -0.025400 -0.003904
2643	0.101700 -0.036100 -0.027800 0.325629 0.945489 -0.004033 0.027386 -0.005189 0.999582 0.942972 -0.331879 -0.025400 -0.005501
2641	0.101700 -0.036100 -0.027800 -0.027386 0.005189 -0.999582 0.325629 0.945489 -0.004033 0.942972 -0.331879 -0.025400 1.011623
